Importance of components:
                          PC1    PC2    PC3    PC4     PC5     PC6    PC7
Standard deviation     1.5897 1.0155 1.0055 0.9114 0.62391 0.55333 0.5179
Proportion of Variance 0.3363 0.1373 0.1346 0.1106 0.05181 0.04075 0.0357
Cumulative Proportion  0.3363 0.4736 0.6082 0.7187 0.77054 0.81129 0.8470
                           PC8     PC9    PC10    PC11    PC12    PC13    PC14
Standard deviation     0.48270 0.39918 0.35728 0.33356 0.27964 0.25074 0.24418
Proportion of Variance 0.03101 0.02121 0.01699 0.01481 0.01041 0.00837 0.00794
Cumulative Proportion  0.87799 0.89920 0.91619 0.93100 0.94140 0.94977 0.95771
                          PC15    PC16    PC17    PC18    PC19    PC20    PC21
Standard deviation     0.22180 0.20383 0.19361 0.19009 0.17216 0.15444 0.14426
Proportion of Variance 0.00655 0.00553 0.00499 0.00481 0.00394 0.00317 0.00277
Cumulative Proportion  0.96425 0.96978 0.97477 0.97958 0.98353 0.98670 0.98947
                          PC22    PC23    PC24    PC25    PC26    PC27
Standard deviation     0.14355 0.14020 0.11861 0.11253 0.10061 0.04469
Proportion of Variance 0.00274 0.00262 0.00187 0.00169 0.00135 0.00027
Cumulative Proportion  0.99221 0.99483 0.99670 0.99839 0.99973 1.00000
                            PC28      PC29      PC30      PC31      PC32
Standard deviation     3.544e-15 1.116e-16 1.116e-16 1.116e-16 1.116e-16
Proportion of Variance 0.000e+00 0.000e+00 0.000e+00 0.000e+00 0.000e+00
Cumulative Proportion  1.000e+00 1.000e+00 1.000e+00 1.000e+00 1.000e+00
                            PC33      PC34      PC35      PC36      PC37
Standard deviation     1.116e-16 1.116e-16 1.116e-16 1.116e-16 1.116e-16
Proportion of Variance 0.000e+00 0.000e+00 0.000e+00 0.000e+00 0.000e+00
Cumulative Proportion  1.000e+00 1.000e+00 1.000e+00 1.000e+00 1.000e+00
                            PC38
Standard deviation     1.116e-16
Proportion of Variance 0.000e+00
Cumulative Proportion  1.000e+00
K-means clustering with 5 clusters of sizes 43, 111, 975, 543, 472

Cluster means:
       H_ss        B_ss       E_ss       G_ss I_ss      T_ss       S_ss X._ss
1 0.5348837 0.023255814 0.11627907 0.02325581    0 0.1395349 0.16279070     0
2 0.4504505 0.018018018 0.21621622 0.02702703    0 0.1981982 0.09009009     0
3 0.3897436 0.037948718 0.31589744 0.01846154    0 0.1158974 0.12205128     0
4 0.6574586 0.003683241 0.05524862 0.01289134    0 0.1712707 0.09944751     0
5 0.4152542 0.050847458 0.23728814 0.02330508    0 0.1355932 0.13771186     0
  o_ss o_ss.1 o_ss.2 o_ss.3 o_ss.4 o_ss.5 o_ss.6 o_ss.7        ACC       a_PB
1    0      0      0      0      0      0      0      0 -0.1902190 0.00000000
2    0      0      0      0      0      0      0      0 -0.1552221 0.02702703
3    0      0      0      0      0      0      0      0 -0.5993270 0.04410256
4    0      0      0      0      0      0      0      0  1.2676765 0.03683241
5    0      0      0      0      0      0      0      0 -0.1665159 0.03813559
        b_PB       c_PB       d_PB        e_PB       f_PB        g_PB
1 0.02325581 0.16279070 0.06976744 0.023255814 0.00000000 0.116279070
2 0.01801802 0.06306306 0.13513514 0.009009009 0.10810811 0.000000000
3 0.04923077 0.10051282 0.14153846 0.022564103 0.07282051 0.009230769
4 0.06077348 0.07550645 0.13075506 0.023941068 0.07366483 0.009208103
5 0.02542373 0.06144068 0.10169492 0.019067797 0.03601695 0.019067797
         h_PB        i_PB        j_PB       k_PB       l_PB      m_PB
1 0.023255814 0.023255814 0.000000000 0.09302326 0.02325581 0.3255814
2 0.009009009 0.018018018 0.018018018 0.01801802 0.08108108 0.4414414
3 0.027692308 0.015384615 0.011282051 0.06051282 0.06051282 0.2707692
4 0.016574586 0.012891344 0.011049724 0.05709024 0.06077348 0.2872928
5 0.010593220 0.004237288 0.004237288 0.06779661 0.05720339 0.4449153
        n_PB        o_PB       p_PB      polar       ionic hydrophobic
1 0.02325581 0.046511628 0.02325581  0.5466129  6.21022923 -0.02158958
2 0.01801802 0.009009009 0.00000000  0.4531169 -0.13255589  3.27923481
3 0.01846154 0.031794872 0.03692308 -0.4039632 -0.13746773 -0.24390801
4 0.01473297 0.023941068 0.04051565 -0.4924685 -0.14898818 -0.32898408
5 0.02754237 0.027542373 0.03177966  1.2446488 -0.07922572  0.11309735
         vdw  hydrogenB
1  1.3099894  1.0800149
2  0.6879323  1.7802731
3 -0.4096548 -0.3471393
4 -0.5047110 -0.6168308
5  1.1457233  0.9096378

Clustering vector:
   [1] 4 4 4 4 4 4 3 4 3 4 4 4 4 4 4 4 4 4 4 4 4 3 4 4 4 4 4 4 4 4 4 4 4 4 4 4 4
  [38] 3 4 3 4 4 4 4 4 4 5 4 4 4 4 4 3 4 4 4 4 5 5 5 4 4 3 2 3 2 4 5 3 4 3 2 5 5
  [75] 3 3 5 3 3 3 5 2 2 4 4 4 5 3 3 3 3 3 3 3 3 3 3 3 2 3 3 3 3 3 3 4 4 5 3 3 5
 [112] 3 3 3 5 5 3 3 5 3 4 4 4 5 5 3 3 3 3 3 4 3 1 4 5 3 3 1 4 4 3 4 3 4 3 3 3 3
 [149] 3 3 3 3 5 4 5 4 4 4 3 4 4 4 4 3 3 3 2 3 3 3 3 2 4 5 3 3 5 3 3 4 3 3 5 5 3
 [186] 3 3 3 5 3 5 5 3 4 3 5 3 4 5 5 3 3 3 4 3 3 3 3 3 3 5 4 5 2 4 5 3 3 3 3 3 4
 [223] 3 3 5 3 3 3 5 5 5 3 4 3 5 3 4 3 3 3 3 3 5 5 3 2 4 3 3 3 5 3 3 4 4 4 4 4 4
 [260] 3 4 3 4 4 4 4 4 4 4 4 4 4 4 4 3 4 4 4 4 4 4 4 4 4 3 3 3 3 4 4 3 4 4 3 3 3
 [297] 3 3 3 3 3 3 3 3 3 4 4 4 3 3 3 3 3 3 3 3 3 3 3 3 3 3 3 3 4 3 3 4 4 3 3 3 3
 [334] 3 3 3 3 3 3 3 3 3 4 4 4 3 4 3 3 3 4 3 4 3 4 4 3 3 3 3 4 4 3 4 4 4 3 3 3 3
 [371] 3 3 3 3 3 4 3 4 4 4 3 4 4 4 4 3 3 3 4 3 3 3 3 4 4 4 3 3 4 3 3 4 3 3 3 3 3
 [408] 3 3 3 3 3 4 4 3 4 3 3 3 4 3 3 3 3 3 4 5 3 3 3 3 1 4 5 2 1 4 5 3 1 5 2 5 1
 [445] 3 5 3 3 2 5 3 4 2 3 4 5 5 3 4 3 3 3 5 3 5 5 3 4 4 2 3 3 5 3 2 5 2 3 5 3 4
 [482] 5 3 5 4 3 3 5 1 3 3 3 3 5 5 3 4 3 3 4 5 3 4 5 3 3 3 2 4 4 4 5 4 5 3 3 3 4
 [519] 4 3 4 4 5 3 3 5 5 2 3 3 3 3 5 3 5 1 3 3 3 3 5 4 2 2 1 2 4 2 5 3 3 5 2 3 3
 [556] 3 4 3 3 4 3 3 3 5 3 3 3 3 3 2 5 3 3 3 3 3 3 5 5 5 4 5 3 4 4 4 4 2 3 3 5 5
 [593] 3 3 3 3 3 3 5 3 5 3 3 3 3 5 5 5 2 3 5 5 2 4 2 2 3 3 3 2 3 5 3 3 2 3 2 3 3
 [630] 3 5 4 5 3 3 5 3 3 5 3 3 3 3 3 3 5 5 3 3 3 3 4 3 5 4 3 5 4 3 5 3 4 5 5 2 5
 [667] 3 4 5 5 1 3 3 3 1 3 3 4 3 4 4 3 3 4 3 3 3 1 5 5 3 5 3 3 3 3 3 2 4 3 3 2 3
 [704] 3 3 4 3 1 2 5 3 3 5 5 5 3 2 3 5 3 5 5 5 3 3 3 3 3 4 4 4 4 4 4 3 4 3 4 4 4
 [741] 4 4 4 4 4 4 4 4 4 3 4 4 4 4 4 4 4 4 4 3 3 3 3 4 4 3 4 4 3 3 3 3 3 3 3 3 3
 [778] 3 3 3 4 4 4 3 3 3 3 3 3 3 3 3 3 3 3 3 3 3 3 4 3 3 4 4 3 3 3 3 3 3 3 3 3 3
 [815] 3 4 4 4 4 4 4 3 4 3 4 4 4 4 4 4 4 4 4 4 4 4 3 4 4 4 4 4 5 4 4 4 3 3 5 5 5
 [852] 5 3 4 4 3 3 3 1 3 3 3 2 3 3 3 3 4 4 4 5 5 3 5 5 3 3 3 3 3 3 3 3 3 3 3 3 3
 [889] 3 4 2 5 2 3 3 3 5 3 3 3 3 3 3 5 5 4 4 3 4 3 3 3 4 3 4 5 5 4 3 3 3 3 4 4 5
 [926] 1 4 4 3 5 5 5 3 3 3 2 3 4 3 4 4 5 5 4 4 5 5 3 5 3 3 5 5 5 5 5 4 5 3 3 4 3
 [963] 3 3 3 3 3 3 3 5 2 3 3 3 3 5 3 4 3 3 3 3 3 5 2 3 3 4 5 3 3 3 3 3 4 4 3 3 4
[1000] 4 3 3 4 4 4 4 4 4 5 4 3 4 4 4 4 5 5 4 4 2 4 4 5 3 4 5 4 4 4 4 4 4 4 3 3 3
[1037] 5 4 5 3 4 3 3 5 3 3 5 3 3 3 3 3 3 3 4 4 5 3 3 3 3 1 3 3 3 3 3 3 3 5 3 5 3
[1074] 1 3 2 4 2 5 3 3 3 2 2 5 3 5 2 2 3 3 4 4 4 3 4 3 1 2 3 3 4 5 4 5 2 2 1 3 2
[1111] 5 5 5 3 5 2 2 5 5 2 5 5 3 3 5 3 4 4 4 3 4 4 3 4 3 3 3 5 5 3 3 3 4 5 5 5 3
[1148] 4 2 1 2 5 3 5 3 2 1 3 5 3 3 2 4 3 4 3 5 3 3 3 3 5 5 5 4 5 3 3 5 5 5 4 4 5
[1185] 3 1 2 3 3 5 5 3 4 5 5 3 5 3 3 3 4 3 5 4 3 3 3 4 3 5 5 5 3 2 2 5 5 4 2 3 3
[1222] 3 3 5 3 3 3 3 3 4 4 3 3 4 2 3 4 3 5 5 3 3 3 3 5 4 3 3 4 3 5 5 4 5 2 3 3 4
[1259] 4 5 5 4 3 3 3 2 4 5 1 4 4 3 5 5 1 3 1 3 3 1 3 3 3 5 5 2 5 3 1 3 4 4 5 3 3
[1296] 4 3 3 3 5 3 2 3 3 3 3 3 3 2 2 2 3 2 2 5 3 3 5 3 3 3 3 3 3 5 2 3 5 1 5 3 5
[1333] 4 5 5 4 4 3 3 3 4 3 3 3 5 5 3 3 3 3 5 5 3 3 3 3 4 3 3 5 5 5 4 1 2 3 3 3 3
[1370] 3 3 5 3 3 3 5 3 2 3 3 4 3 1 3 3 3 5 3 3 3 2 3 5 2 2 2 3 3 5 2 4 3 4 5 5 3
[1407] 4 5 5 5 4 4 5 5 3 5 2 5 3 2 3 5 5 3 5 3 5 3 1 4 3 5 5 3 3 3 5 5 5 3 5 3 3
[1444] 3 3 3 4 5 2 1 3 5 3 3 4 4 4 4 4 4 4 3 4 3 4 4 4 4 4 4 4 4 4 4 4 4 3 4 4 4
[1481] 4 4 4 4 4 4 3 3 3 3 4 4 3 4 4 3 3 3 3 3 3 3 3 3 3 3 3 4 4 4 3 3 3 3 3 3 3
[1518] 3 3 3 3 3 3 3 3 3 4 5 3 4 4 4 4 4 4 4 4 3 4 3 4 4 4 4 4 5 4 4 5 4 5 4 5 1
[1555] 2 4 4 4 4 1 4 4 3 3 3 5 4 5 3 4 5 5 5 3 3 3 3 3 3 3 3 3 3 5 5 5 5 5 3 1 3
[1592] 3 3 3 3 3 3 3 3 3 3 3 5 3 5 4 5 5 3 2 5 3 3 5 3 5 5 5 5 3 4 4 4 3 4 5 3 5
[1629] 3 5 4 5 4 4 5 5 3 5 5 4 5 5 5 5 3 5 5 3 5 5 5 5 3 5 3 4 5 4 3 4 4 4 4 3 3
[1666] 5 5 3 5 5 2 5 4 5 3 3 4 2 3 5 3 3 2 3 3 3 5 3 3 3 5 5 3 4 3 5 3 4 3 5 3 3
[1703] 3 5 5 5 5 3 3 3 4 4 3 3 5 3 3 3 3 3 3 4 3 5 5 5 3 3 3 5 2 3 4 3 5 5 5 3 5
[1740] 5 3 5 5 3 5 5 5 2 5 3 5 3 5 3 3 5 5 5 4 4 3 3 4 3 5 4 3 5 5 3 5 5 3 5 5 5
[1777] 3 5 3 3 4 4 5 5 3 5 2 5 2 3 5 5 5 3 3 4 5 5 4 5 3 3 3 5 3 3 3 3 1 5 3 5 3
[1814] 3 3 3 5 5 2 5 4 3 3 5 4 3 5 5 3 3 4 3 3 5 3 5 5 5 5 3 3 4 5 3 3 5 5 5 3 2
[1851] 5 5 5 5 1 3 5 1 5 3 3 5 4 5 4 5 3 5 3 4 3 3 3 3 3 5 3 3 3 3 5 4 5 3 5 4 3
[1888] 5 3 4 4 4 2 4 3 3 5 3 3 5 5 3 5 2 5 3 3 3 5 4 5 3 3 3 3 3 2 3 3 3 3 3 3 5
[1925] 3 3 5 5 4 4 4 4 4 4 3 4 3 4 4 4 4 4 4 4 4 4 4 4 4 3 4 4 4 4 4 4 4 4 4 3 3
[1962] 3 3 4 4 3 4 4 3 3 3 3 3 3 3 3 3 3 3 3 4 4 4 3 3 3 3 3 3 3 3 4 4 5 4 4 5 2
[1999] 4 5 2 5 5 4 2 4 5 4 5 4 5 5 3 4 5 5 4 1 4 4 5 5 5 5 3 3 5 5 5 4 2 3 5 2 1
[2036] 1 5 5 3 3 5 3 5 4 5 5 3 3 3 5 3 2 5 5 5 3 3 3 5 5 5 3 3 3 3 5 4 3 5 2 3 5
[2073] 3 3 3 5 5 3 3 5 4 5 5 5 5 3 3 3 3 3 5 3 5 5 5 5 5 3 4 4 3 5 4 4 5 2 5 3 3
[2110] 5 3 3 3 2 3 4 5 3 3 4 4 2 5 1 5 5 3 5 5 5 5 1 4 3 5 5 5 5 5 5 3 5 5 3

Within cluster sum of squares by cluster:
[1]  574.3266  900.0180 2866.6590 1560.7475 2657.2520
 (between_SS / total_SS =  46.8 %)

Available components:

[1] "cluster"      "centers"      "totss"        "withinss"     "tot.withinss"
[6] "betweenss"    "size"         "iter"         "ifault"      
[1] "Matrice des scores par cluster:"
          1         2          3          4         5
A -5.683126 -3.879081 -0.9449072 -2.4388575 -2.259915
C  0.000000 -5.033189 -0.5203432  0.0000000 -1.873532
D -5.166492 -4.584103 -1.7774848 -1.3886434 -1.960170
E -4.915608 -4.598316 -2.2751502 -0.8964482 -2.459687
F  0.000000 -4.279197 -1.2425164 -1.5993848 -2.352220
G -5.393644 -3.906891 -0.6481893 -3.9068906 -2.287724
H -3.699647 -4.289771 -0.7009355 -3.6996468 -2.480202
I  0.000000 -4.000483 -0.5242720 -6.0043564 -2.141569
K  0.000000  0.000000 -2.2726631 -0.6877006 -2.537760
L -6.113014 -4.522890 -1.2014770 -1.4360332 -2.861010
M  0.000000 -3.806619 -1.4846906 -1.4846906 -2.221656
N -4.407277 -4.724569 -1.4803001 -1.8695169 -1.821283
P -4.218628 -4.218628 -1.1469127 -2.1476493 -2.217081
Q -4.371596  0.000000 -1.3744921 -1.5165445 -2.204245
R  0.000000 -4.282035 -3.1146843 -0.6415778 -2.377719
S -5.824702 -4.499675 -0.9624481 -3.0129218 -1.732684
T -6.455548 -4.280461 -1.1472581 -1.8367285 -2.281320
V -6.520017 -3.816001 -0.9920773 -2.5613236 -2.023689
W -5.033189 -4.048619 -0.5203432 -4.0486187 -2.723591
Y  0.000000 -4.218628 -1.3694278 -1.8954623 -1.784752
  cluster size ave.sil.width
1       1  559          0.20
2       2  537          0.05
3       3  436         -0.03
4       4  130          0.12
5       5  482          0.18
     cluster neighbor     sil_width
262        1        5 -2.665385e-05
737        1        5 -2.665385e-05
1002       1        5 -1.276319e-03
1043       1        5 -2.130832e-03
1228       1        5 -2.605482e-03
9          1        5 -2.721067e-03
1937       1        5 -2.727492e-03
993        1        5 -3.025787e-03
1895       1        5 -3.189821e-03
401        1        5 -3.262685e-03
388        1        5 -4.312184e-03
40         1        5 -6.592726e-03
1464       1        5 -7.687007e-03
381        1        5 -7.977721e-03
1659       1        5 -7.977721e-03
1596       1        5 -8.619885e-03
617        1        5 -1.000657e-02
146        1        5 -1.058397e-02
1963       1        5 -1.140972e-02
415        1        5 -1.148184e-02
1490       1        5 -1.148184e-02
288        1        5 -1.149697e-02
178        1        5 -1.256983e-02
977        1        5 -1.406413e-02
1899       1        5 -1.527262e-02
763        1        5 -1.554520e-02
127        1        5 -1.944941e-02
166        1        5 -2.336423e-02
1574       1        5 -2.505158e-02
486        1        5 -2.715701e-02
677        1        5 -2.828030e-02
360        1        5 -3.139104e-02
2026       1        5 -3.270989e-02
1907       1        5 -3.286004e-02
397        1        5 -3.694373e-02
1980       1        5 -3.878739e-02
806        1        5 -3.958534e-02
331        1        5 -4.318449e-02
305        1        5 -4.441690e-02
1507       1        5 -4.441690e-02
1369       1        5 -4.597366e-02
1898       1        5 -4.686703e-02
1679       1        5 -4.692699e-02
780        1        5 -4.759412e-02
209        1        5 -4.786449e-02
805        1        5 -4.938213e-02
418        1        5 -5.167522e-02
411        1        5 -5.187308e-02
109        1        5 -5.290522e-02
1297       1        5 -5.361347e-02
159        1        5 -5.512181e-02
1795       1        5 -5.534700e-02
330        1        5 -5.879388e-02
1130       1        5 -7.301438e-02
801        1        5 -8.080627e-02
516        1        5 -8.708214e-02
326        1        5 -8.715939e-02
1675       1        5 -8.875514e-02
390        1        5 -9.302401e-02
520        1        5 -9.487027e-02
220        1        5 -9.538432e-02
1794       1        5 -9.621055e-02
236        1        5 -9.629885e-02
392        1        5 -1.040890e-01
568        1        5 -1.046735e-01
339        1        5 -1.078672e-01
1871       1        5 -1.161711e-01
814        1        5 -1.260765e-01
393        1        5 -1.265866e-01
1168       1        5 -1.306663e-01
117        1        5 -1.312480e-01
972        2        5 -9.378044e-04
1808       2        5 -1.197314e-03
1141       2        5 -1.435332e-03
1435       2        5 -1.543336e-03
489        2        5 -2.287155e-03
173        2        1 -2.792430e-03
1631       2        1 -3.555565e-03
464        2        5 -3.728877e-03
458        2        5 -3.904786e-03
1272       2        5 -4.622736e-03
957        2        1 -4.771203e-03
1530       2        1 -4.809275e-03
1896       2        5 -5.037255e-03
716        2        5 -5.122404e-03
950        2        5 -5.262910e-03
1265       2        5 -5.296169e-03
1292       2        1 -5.568106e-03
1353       2        1 -5.709079e-03
193        2        5 -5.799263e-03
679        2        5 -6.797270e-03
650        2        5 -8.060453e-03
105        2        5 -9.046657e-03
96         2        5 -9.052005e-03
1282       2        5 -9.183819e-03
2108       2        5 -9.377964e-03
924        2        1 -9.516352e-03
1811       2        5 -9.845028e-03
1234       2        1 -1.010855e-02
1540       2        5 -1.023905e-02
561        2        5 -1.042567e-02
1861       2        5 -1.088487e-02
624        2        5 -1.129204e-02
424        2        5 -1.135119e-02
693        2        5 -1.241603e-02
960        2        5 -1.245597e-02
587        2        1 -1.321917e-02
682        2        1 -1.331154e-02
618        2        5 -1.333129e-02
888        2        5 -1.467604e-02
1920       2        5 -1.569974e-02
145        2        5 -1.594891e-02
1845       2        5 -1.634091e-02
1014       2        1 -1.780557e-02
122        2        1 -1.919354e-02
1356       2        5 -1.940794e-02
1562       2        1 -1.950182e-02
846        2        1 -2.028484e-02
534        2        5 -2.064714e-02
1412       2        1 -2.098394e-02
498        2        5 -2.158586e-02
1045       2        5 -2.181525e-02
1913       2        5 -2.227237e-02
1719       2        1 -2.250760e-02
1373       2        5 -2.308808e-02
1688       2        5 -2.348711e-02
594        2        5 -2.618376e-02
1046       2        5 -2.842588e-02
1375       2        5 -2.869703e-02
2020       2        1 -2.931089e-02
1695       2        5 -2.949103e-02
143        2        1 -3.025596e-02
1453       2        5 -3.054882e-02
1668       2        5 -3.245459e-02
1382       2        5 -3.318866e-02
1086       2        5 -3.432077e-02
2100       2        1 -3.432813e-02
2099       2        1 -3.516413e-02
1865       2        1 -3.532627e-02
948        2        5 -3.595516e-02
197        2        5 -3.646477e-02
1359       2        5 -3.647146e-02
1291       2        1 -3.762762e-02
1338       2        5 -3.794640e-02
223        2        5 -4.023862e-02
1919       2        5 -4.086289e-02
691        2        5 -4.181783e-02
1205       2        5 -4.194532e-02
1339       2        5 -4.212804e-02
1829       2        5 -4.228962e-02
1013       2        1 -4.456414e-02
1347       2        5 -4.489271e-02
1525       2        5 -4.569771e-02
1634       2        1 -4.604703e-02
898        2        5 -4.710727e-02
1243       2        5 -4.748963e-02
1807       2        5 -4.811334e-02
1870       2        1 -5.017525e-02
160        2        1 -5.020458e-02
642        2        5 -5.101830e-02
879        2        5 -5.124110e-02
1223       2        5 -5.361899e-02
1363       2        1 -5.580870e-02
86         2        1 -5.665013e-02
101        2        5 -5.674738e-02
1874       2        5 -5.932596e-02
1780       2        5 -5.966963e-02
1343       2        5 -6.079656e-02
1552       2        1 -6.128975e-02
2103       2        1 -6.167781e-02
509        2        1 -6.178159e-02
1926       2        5 -6.247187e-02
1246       2        1 -6.740458e-02
1665       2        5 -6.920417e-02
2101       2        1 -7.052741e-02
595        2        5 -7.261617e-02
847        2        5 -7.279496e-02
513        2        1 -7.367828e-02
1207       2        5 -7.479229e-02
1782       2        1 -7.624814e-02
1802       2        5 -7.754638e-02
944        2        1 -7.952134e-02
980        2        5 -7.960613e-02
867        2        5 -8.136380e-02
593        2        5 -8.162004e-02
1102       2        1 -8.216673e-02
451        2        5 -8.228849e-02
1863       2        1 -8.265886e-02
711        2        5 -8.409789e-02
819        2        1 -8.783039e-02
1259       2        1 -8.816129e-02
1030       2        1 -8.864847e-02
1805       2        5 -8.953569e-02
1415       2        5 -9.185591e-02
856        2        1 -9.310784e-02
623        2        5 -9.357809e-02
1921       2        5 -9.519943e-02
1381       2        1 -9.711373e-02
1698       2        1 -9.773186e-02
705        2        5 -9.889727e-02
583        2        5 -1.000888e-01
1729       2        5 -1.023493e-01
1316       2        5 -1.053174e-01
854        2        1 -1.063282e-01
2064       2        5 -1.096558e-01
555        2        5 -1.097715e-01
1021       2        1 -1.172551e-01
1831       2        1 -1.204365e-01
2120       2        1 -1.216661e-01
1018       2        1 -1.298760e-01
1134       2        1 -1.314467e-01
554        2        5 -1.332454e-01
941        2        1 -1.356487e-01
242        2        5 -1.361543e-01
1806       2        5 -1.461435e-01
1218       2        1 -1.480366e-01
559        2        5 -1.487132e-01
2030       2        1 -1.491903e-01
1193       2        1 -1.562873e-01
1208       2        1 -1.591518e-01
1019       2        1 -1.802408e-01
2061       3        2 -4.765513e-04
456        3        2 -1.565685e-03
1275       3        2 -3.407256e-03
1274       3        2 -3.726591e-03
60         3        2 -5.616152e-03
1399       3        2 -5.839956e-03
715        3        2 -6.451893e-03
58         3        2 -6.978680e-03
1864       3        2 -7.869966e-03
1212       3        2 -8.194112e-03
633        3        2 -9.132633e-03
1797       3        2 -1.475583e-02
2105       3        2 -1.557215e-02
533        3        2 -1.712940e-02
1047       3        2 -1.739700e-02
1847       3        2 -1.869888e-02
1122       3        2 -1.954047e-02
1753       3        2 -2.047493e-02
1883       3        2 -2.147656e-02
1111       3        2 -2.302608e-02
2021       3        2 -2.477484e-02
2033       3        2 -2.496259e-02
1652       3        2 -2.681598e-02
2055       3        2 -2.734269e-02
1618       3        2 -2.738984e-02
2091       3        2 -2.815203e-02
1427       3        2 -2.840330e-02
926        3        2 -2.876655e-02
1746       3        2 -2.900694e-02
657        3        2 -2.956001e-02
111        3        2 -2.979129e-02
1300       3        2 -3.239072e-02
1549       3        2 -3.429824e-02
2001       3        4 -3.537855e-02
441        3        2 -3.651896e-02
872        3        2 -3.693006e-02
211        3        2 -3.766167e-02
1393       3        2 -3.781255e-02
2093       3        2 -3.828087e-02
457        3        2 -3.915252e-02
231        3        2 -4.142796e-02
692        3        2 -4.145070e-02
2007       3        2 -4.201917e-02
2102       3        2 -4.510526e-02
1742       3        2 -4.551885e-02
1418       3        2 -4.867463e-02
1302       3        4 -4.970204e-02
1125       3        2 -5.100523e-02
1997       3        2 -5.140826e-02
2003       3        2 -5.272724e-02
1641       3        2 -5.357411e-02
1044       3        2 -5.360419e-02
553        3        4 -5.515054e-02
199        3        2 -5.755945e-02
1843       3        2 -5.757779e-02
1072       3        2 -5.758600e-02
956        3        2 -5.768044e-02
1643       3        2 -6.075426e-02
666        3        2 -6.079353e-02
125        3        2 -6.382756e-02
1605       3        2 -6.553653e-02
2139       3        2 -6.629916e-02
1800       3        2 -6.658597e-02
1334       3        2 -6.710930e-02
582        3        2 -6.858691e-02
1757       3        2 -6.985693e-02
443        3        2 -7.099138e-02
1706       3        2 -7.134916e-02
1325       3        2 -7.160140e-02
1619       3        2 -7.218199e-02
1346       3        2 -7.240530e-02
2082       3        2 -7.291763e-02
1197       3        2 -7.359542e-02
1657       3        2 -7.384779e-02
905        3        2 -7.457970e-02
932        3        2 -7.545413e-02
2125       3        2 -7.607475e-02
1866       3        2 -7.626886e-02
1674       3        2 -7.651618e-02
989        3        2 -7.787301e-02
1017       3        2 -7.809413e-02
549        3        2 -7.976205e-02
1848       3        2 -8.081994e-02
1441       3        2 -8.214229e-02
2041       3        2 -8.309362e-02
613        3        4 -8.346607e-02
592        3        2 -8.354518e-02
1328       3        2 -8.405188e-02
1452       3        2 -8.424316e-02
1901       3        2 -8.647525e-02
984        3        2 -8.665720e-02
1554       3        2 -8.920391e-02
1672       3        2 -8.944509e-02
1105       3        2 -9.055327e-02
1423       3        2 -9.256473e-02
599        3        2 -9.290895e-02
1079       3        2 -9.346818e-02
2072       3        2 -9.399107e-02
1745       3        5 -9.456648e-02
1646       3        2 -9.459833e-02
2050       3        5 -9.485174e-02
479        3        2 -9.851385e-02
2104       3        2 -9.881112e-02
892        3        2 -1.010426e-01
523        3        2 -1.025630e-01
2083       3        2 -1.043375e-01
1372       3        2 -1.046688e-01
438        3        2 -1.048323e-01
1768       3        5 -1.063070e-01
2123       3        2 -1.066595e-01
849        3        2 -1.078587e-01
1345       3        2 -1.078898e-01
155        3        2 -1.095996e-01
1888       3        2 -1.107868e-01
427        3        2 -1.116724e-01
639        3        2 -1.123284e-01
713        3        2 -1.123973e-01
1788       3        2 -1.129266e-01
1715       3        2 -1.157656e-01
2038       3        2 -1.159209e-01
1846       3        2 -1.160009e-01
1911       3        2 -1.168345e-01
875        3        2 -1.169328e-01
1267       3        1 -1.173797e-01
931        3        2 -1.174722e-01
1737       3        2 -1.194494e-01
1905       3        2 -1.243464e-01
2136       3        2 -1.244515e-01
722        3        2 -1.252572e-01
622        3        2 -1.273833e-01
1360       3        2 -1.283111e-01
1181       3        2 -1.285385e-01
1224       3        5 -1.285696e-01
2076       3        2 -1.292084e-01
1740       3        2 -1.302807e-01
153        3        5 -1.306773e-01
494        3        2 -1.322331e-01
607        3        2 -1.329217e-01
512        3        2 -1.334424e-01
1414       3        2 -1.343593e-01
1852       3        2 -1.350982e-01
1603       3        2 -1.353795e-01
174        3        2 -1.365201e-01
897        3        2 -1.373431e-01
2137       3        2 -1.381788e-01
580        3        2 -1.390689e-01
1667       3        2 -1.408450e-01
1586       3        2 -1.409149e-01
636        3        2 -1.410170e-01
1654       3        2 -1.415310e-01
2016       3        2 -1.417710e-01
177        3        2 -1.419297e-01
930        3        2 -1.423496e-01
925        3        2 -1.436541e-01
1666       3        2 -1.453740e-01
1144       3        2 -1.457598e-01
942        3        2 -1.459708e-01
495        3        2 -1.464906e-01
2096       3        2 -1.471038e-01
1172       3        2 -1.486348e-01
1691       3        2 -1.498152e-01
1422       3        2 -1.520492e-01
87         3        2 -1.520651e-01
1725       3        2 -1.529183e-01
1670       3        2 -1.539303e-01
1432       3        2 -1.550347e-01
917        3        2 -1.550831e-01
1425       3        2 -1.569422e-01
1159       3        2 -1.571204e-01
1626       3        2 -1.572169e-01
465        3        5 -1.575036e-01
611        3        2 -1.603456e-01
1999       3        1 -1.628075e-01
946        3        2 -1.629275e-01
434        3        2 -1.634312e-01
647        3        2 -1.663298e-01
552        3        2 -1.665658e-01
504        3        2 -1.704055e-01
1239       3        5 -1.732088e-01
482        3        2 -1.736811e-01
1073       3        2 -1.742301e-01
535        3        2 -1.759160e-01
1284       3        2 -1.759160e-01
1900       3        2 -1.760315e-01
192        3        2 -1.783595e-01
476        3        2 -1.783902e-01
1433       3        2 -1.804734e-01
116        3        2 -1.834207e-01
1191       3        2 -1.834330e-01
646        3        2 -1.854720e-01
1287       3        2 -1.875014e-01
514        3        2 -1.879408e-01
1262       3        1 -1.883101e-01
952        3        2 -1.907460e-01
1167       3        2 -1.908653e-01
1608       3        2 -1.923006e-01
2116       3        2 -1.925954e-01
874        3        2 -1.926113e-01
128        3        5 -1.931277e-01
1335       3        2 -1.938929e-01
1885       3        2 -1.965889e-01
827        3        1 -1.982029e-01
689        3        2 -1.985995e-01
721        3        5 -1.991866e-01
184        3        2 -1.994615e-01
1404       3        2 -2.004481e-01
235        3        2 -2.024006e-01
488        3        2 -2.056742e-01
459        3        2 -2.065380e-01
1568       3        2 -2.072855e-01
226        3        5 -2.118737e-01
1405       3        2 -2.121897e-01
564        3        2 -2.153644e-01
2117       3        2 -2.158600e-01
1408       3        2 -2.159552e-01
933        3        2 -2.163621e-01
183        3        5 -2.178372e-01
1909       3        2 -2.181863e-01
1428       3        2 -2.244485e-01
1406       3        2 -2.245169e-01
537        3        2 -2.248192e-01
1242       3        5 -2.250646e-01
630        3        2 -2.264755e-01
1749       3        2 -2.288742e-01
1241       3        5 -2.307048e-01
200        3        2 -2.330594e-01
1754       3        5 -2.372097e-01
1528       3        2 -2.402014e-01
662        3        2 -2.417757e-01
1783       3        2 -2.425299e-01
669        3        2 -2.425792e-01
1351       3        2 -2.448943e-01
1677       3        2 -2.455785e-01
1815       3        2 -2.470628e-01
1784       3        2 -2.518487e-01
59         3        2 -2.533599e-01
1689       3        2 -2.545183e-01
1146       3        2 -2.588700e-01
1676       3        2 -2.602618e-01
1037       3        2 -2.613557e-01
838        3        2 -2.618255e-01
108        3        2 -2.668998e-01
1792       3        2 -2.671393e-01
1410       3        2 -2.672060e-01
959        3        2 -2.854473e-01
124        3        2 -2.856993e-01
1558       3        1 -2.891419e-01
2070       4        3 -5.265156e-03
601        4        2 -1.515332e-02
1420       4        2 -2.165127e-02
1819       4        2 -5.076088e-02
1076       4        2 -6.005552e-02
1332       4        3 -6.211289e-02
665        4        2 -6.589688e-02
690        4        2 -7.764049e-02
1400       4        2 -7.990589e-02
66         4        2 -8.011082e-02
463        4        2 -8.945438e-02
1110       4        2 -9.236579e-02
1850       4        2 -9.452493e-02
167        4        2 -9.834569e-02
1092       4        1 -1.013716e-01
230        4        2 -1.090449e-01
1647       4        2 -1.111651e-01
1318       4        2 -1.336388e-01
2034       4        2 -1.384843e-01
470        4        2 -1.410042e-01
1572       4        2 -1.437083e-01
1731       4        2 -1.598760e-01
1229       4        2 -1.607099e-01
686        4        2 -1.616784e-01
1912       4        5 -1.733169e-01
542        4        2 -1.761062e-01
1163       4        2 -1.847833e-01
540        4        2 -2.179138e-01
1869       4        2 -2.191301e-01
929        4        2 -2.616760e-01
1307       5        2 -1.468869e-03
873        5        2 -3.810182e-03
1155       5        2 -4.336170e-03
114        5        2 -6.385206e-03
1221       5        2 -1.073904e-02
154        5        1 -1.387675e-02
460        5        2 -2.050133e-02
1340       5        1 -2.128866e-02
1567       5        1 -2.308771e-02
[1] "Matrice des scores par cluster:"
           1         2         3         4         5
A -2.1945340 -1.755807 -2.401091 -3.778809 -2.162586
C -3.4584945 -1.458494 -2.239049 -5.033189 -1.723591
D -1.7432806 -1.645952 -2.125609 -3.999141 -3.470213
E -0.8747248 -2.395068 -2.671339 -4.333219 -4.113774
F -1.6455314 -2.512206 -2.352220 -4.279197 -1.956031
G -2.4288999 -1.737211 -2.626653 -3.626653 -1.881162
H -2.9647437 -1.964744 -2.114684 -4.289771 -1.585756
I -3.6793291 -2.415521 -2.476081 -3.829270 -1.045663
K -1.1587721 -2.272663 -2.537760  0.000000 -2.537760
L -1.6493577 -2.354110 -2.786439 -4.522890 -1.751306
M -1.6927277 -2.071716 -2.392870 -3.806619 -2.392870
N -1.9205238 -1.727465 -1.920524 -4.142180 -3.142180
P -2.0153800 -2.015380 -1.954820 -4.218628 -2.368569
Q -1.4683103 -1.790496 -2.375459 -5.379332 -2.915676
R -0.9280630 -2.699647 -2.285898 -4.282035 -3.964744
S -2.6496155 -1.913681 -2.012922 -4.015133 -1.913681
T -2.0246011 -2.024601 -2.203544 -3.991892 -2.128974
V -2.4713979 -2.305959 -2.089070 -3.708236 -1.708236
W -2.2390494 -2.044746 -3.458494 -3.458494 -1.458494
Y -1.9548200 -1.680868 -1.954820 -4.218628 -3.079999
null device 
          1 
